0       0
0.85    -53.45
0.87    -56.06
0.89    -48.29
0.92    -25.31
0.95    1.60
0.99    22.46
1.05    30.79
1.12    23.67
1.18    6.82
1.23    -7.77
1.28    -21.67
1.34    -27.57
1.41    -18.54
1.47    1.61
1.52    19.68
1.58    29.75
1.61    19.16
1.63    -0.30
1.66    -25.66
1.69    -37.82
1.72    -27.40
1.73    -8.46
1.75    8.91
1.79    34.27
1.85    43.30
1.90    35.31
1.93    22.11
1.96    5.43
1.98    -11.24
2.03    -30.70
2.08    -39.73
2.14    -31.22
2.18    -14.20
2.22    1.09
2.25    19.16
2.30    36.35
2.36    46.25
2.41    35.14
2.44    17.24
2.46    -1.86
2.49    -26.18
2.52    -38.69
2.54    -28.61
2.55    -12.98
2.56    6.13
2.58    35.48
2.61    49.55
2.64    36.87
2.65    17.94
2.67    1.26
2.69    -16.98
2.72    -28.96
2.79    -22.19
2.86    -6.03
2.92    9.60
2.97    24.19
3.02    38.78
3.08    51.46
3.14    56.85
3.20    48.34
3.24    25.58
3.27    3.87
3.32    -7.77
3.36    3.35
3.40    20.72
3.43    37.39
3.45    54.07
3.48    70.75
3.52    90.89
3.56    109.65
3.59    117.30
3.64    117.81
3.73    103.73
3.81    79.36
3.85    62.57
3.90    42.55
4.02    17.90
4.15    39.05
4.22    70.48
4.29    101.61
4.36    112.96
4.42    99.44
4.45    77.19
4.48    54.30
4.50    31.49
4.61    15.80
4.78    27.28
4.95    51.35
5.09    72.26
5.21    91.34
5.39    108.99
5.53    88.69
5.56    65.28
5.58    47.91
5.63    7.92
5.72    -8.38
5.85    5.11
5.98    37.08
6.15    47.68
6.38    37.43
6.70    11.48
6.99    1.22
7.23    11.24
7.49    39.54
7.80    51.77
8.12    40.54
8.43    15.03
8.68    -4.62
8.98    -12.47
9.37    -7.03
9.87    11.21
10.44   35.00
10.80   41.06
10.99   29.75
11.11   9.07
11.25   -20.61
11.39   -49.14
11.60   -62.46
11.76   -47.55
11.89   -17.88
11.98   10.32
12.09   41.21
12.26   55.75
12.49   46.82
12.75   24.13
12.97   16.34
13.07   29.02
13.17   60.96
13.24   81.60
13.32   107.67
13.42   131.11
13.59   143.91
13.77   132.02
13.84   120.82
13.99   112.59
14.21   121.29
14.50   137.05
14.75   143.14
14.97   134.80
15.07   116.31
15.16   92.18
15.24   69.13
15.32   46.08
15.47   34.56
15.62   54.76
15.70   85.20
15.78   109.16
15.88   144.65
16.04   164.97
16.17   141.39
16.27   104.61
16.34   72.46
16.47   50.04
16.61   66.54
16.71   107.26
16.77   136.65
16.89   156.95
17.03   143.52
17.18   106.92
17.32   96.33
17.47   107.53
17.64   129.16
17.77   145.59
17.97   157.41
18.10   147.66
18.22   128.55
18.38   118.48
18.52   130.33
18.58   144.32
18.65   158.88
18.80   170.64
18.98   157.47
19.07   144.01
19.18   126.47
19.33   117.90
19.47   127.70
19.56   148.55
19.63   169.43
19.80   182.48
19.98   168.18
20.15   145.94
20.29   124.75
20.48   112.51
20.62   127.18
20.76   158.86
20.91   171.00
21.07   158.85
21.21   139.28
21.38   131.14
21.58   135.27
21.81   146.59
22.03   152.46
22.25   142.04
22.46   110.97
22.67   80.89
22.83   70.87
23.02   79.79
23.30   98.36
23.57   118.22
23.82   128.55
24.02   117.13
24.19   100.29
24.35   88.08
24.61   82.15
24.89   90.76
25.21   113.68
25.53   123.63
25.88   110.14
26.17   89.96
26.43   73.95
26.72   66.63
26.89   74.53
27.04   97.07
27.22   131.61
27.40   146.48
27.52   134.40
27.59   105.41
27.65   76.90
27.73   50.88
27.84   33.56
27.99   46.38
28.12   75.08
28.25   105.41
28.41   146.17
28.61   165.16
28.82   146.60
29.00   112.53
29.17   100.80
29.38   110.82
29.60   139.36
29.81   164.40
30.03   174.55
30.33   163.62
30.62   136.35
30.99   99.00
31.32   84.18
31.57   97.83
31.81   136.56
32.08   181.65
32.35   193.99
32.66   181.28
32.91   161.63
33.20   139.48
33.45   130.59
33.70   139.91
33.97   163.55
34.25   189.91
34.43   197.09
34.57   189.30
34.78   172.70
35.00   167.85
35.25   172.97
35.52   187.95
35.72   191.88
35.93   185.40
36.30   159.92
36.58   151.37
36.80   154.46
37.02   165.53
37.15   173.62
37.24   161.93
37.34   134.95
37.45   106.53
37.64   93.46
37.79   108.63
37.86   136.86
37.96   163.49
38.08   172.75
38.32   158.18
38.60   131.10
38.86   122.30
39.17   129.57
39.61   149.87
40.06   171.07
40.37   177.51
40.65   170.80
40.95   154.76
41.27   146.48
41.55   154.40
41.88   178.66
42.20   190.56
42.58   181.50
42.87   166.78
43.23   159.04
43.59   167.52
43.99   190.95
44.47   208.18
44.98   190.94
45.37   168.07
45.72   158.89
46.05   166.56
46.37   187.73
46.67   210.72
46.95   220.65
47.16   210.69
47.37   177.65
47.61   159.19
47.80   173.18
47.95   199.22
48.10   219.64
48.35   190.85
48.52   162.30
48.70   134.04
48.99   92.36
49.26   61.75
49.54   49.09
49.73   65.89
49.87   114.89
50.01   186.49
50.22   214.00
50.43   199.58
50.64   188.59
50.75   199.00
50.81   215.62
50.92   226.48
51.04   213.33
51.15   202.02
51.29   215.62
51.39   228.28
51.50   213.51
51.59   200.79
51.80   216.43
52.00   226.65
52.13   209.69
52.24   182.24
52.36   170.90
52.52   188.57
52.63   208.53
52.81   223.42
53.00   215.85
53.23   198.98
53.42   192.35
53.57   198.27
53.69   213.28
53.81   221.43
53.93   216.49
54.03   208.14
54.20   202.73
54.64   210.24
55.01   218.36
55.25   204.10
55.39   180.17
55.55   167.66
55.75   177.82
55.94   196.50
56.11   204.41
56.19   197.95
56.29   191.23
56.48   198.00
56.70   204.02
56.86   196.42
56.98   190.26
57.11   198.01
57.28   203.62
57.47   197.27
57.71   190.30
57.87   195.47
58.03   202.85
58.12   193.39
58.17   164.20
58.23   152.97
58.32   162.45
58.44   188.83
58.56   201.92
58.71   183.56
58.83   148.88
58.99   132.84
59.27   149.03
59.58   174.52
59.82   184.84
59.96   174.03
60.12   146.33
60.29   113.60
60.45   86.82
60.61   78.58
60.72   94.13
60.81   138.03
60.89   175.30
60.99   186.85
61.07   178.22
61.16   163.09
61.37   181.66
61.53   193.39
61.63   182.60
61.68   160.76
61.77   151.25
61.94   158.65
62.30   183.88
62.57   193.35
62.80   183.02
63.05   159.67
63.27   151.97
63.51   156.78
63.77   168.81
64.04   179.08
64.28   170.01
64.42   158.45
64.63   150.00
64.85   156.04
65.05   171.47
65.25   178.54
65.41   171.92
65.53   156.76
65.71   151.16
65.89   157.48
66      190.5773521
66.1    197.5218338
66.2    199.5558125
66.3    197.1704304
66.4    157.5292778
66.5    147.7061261
66.6    146.6037047
66.7    147.753436
66.8    153.3897342
66.9    166.2329646
67      181.9516626
67.1    191.679965
67.2    197.9015548
67.3    201.612733
67.4    203.7912076
67.5    204.1959921
67.6    204.0977497
67.7    203.3643637
67.8    201.7981386
67.9    199.4762404
68      196.6941841
68.1    193.030696
68.2    189.2067821
68.3    185.2280181
68.4    181.1448536
68.5    177.8276167
68.6    175.9976671
68.7    177.5614315
68.8    185.4397184
68.9    198.7433192
69      206.7445798
69.1    208.3376016
69.2    201.2891377
69.3    179.6218053
69.4    179.1571458
69.5    201.4244452
69.6    210.380333
69.7    212.789762
69.8    212.8617061
69.9    211.1015459
70      204.9741758
70.1    181.6965293
70.2    172.8801139
70.3    172.1100545
70.4    174.2969214
70.5    182.3150572
70.6    198.8722175
70.7    211.0307957
70.8    216.5498372
70.9    219.2004942
71      219.3585949
71.1    218.3016325
71.2    214.4196148
71.3    204.249351
71.4    186.407527
71.5    178.0284429
71.6    175.5776654
71.7    176.0825552
71.8    180.8319669
71.9    195.6209836
72      210.3835317
72.1    218.4318667
72.2    221.7238531
72.3    222.8544876
72.4    222.6353792
72.5    220.8232084
72.6    216.0435933
72.7    208.0052086
72.8    193.6430641
72.9    172.4385058
73      153.610725
73.1    146.5983881
73.2    145.3230291
73.3    148.7407919
73.4    157.2827912
73.5    170.6389127
73.6    185.8081999
73.7    199.570174
73.8    211.3158356
73.9    218.5502125
74      223.1676989
74.1    224.8500167
74.2    224.7979214
74.3    223.798862
74.4    220.6689559
74.5    215.7329876
74.6    207.6509573
74.7    197.4340008
74.8    189.0010271
74.9    185.1115232
75      184.4577263
75.1    186.2375704
75.2    191.9030907
75.3    201.5189383
75.4    212.1686359
75.5    222.0928848
75.6    226.8785845
75.7    228.0329733
75.8    225.7485244
75.9    215.4652742
76      190.3971265
76.1    177.3825128
76.2    174.0524451
76.3    173.7428756
76.4    176.4590366
76.5    189.4743842
76.6    206.2766897
76.7    216.4352846
76.8    221.6960866
76.9    225.2057262
77      226.8912255
77.1    227.5914044
77.2    227.8999281
77.3    227.7598804
77.4    227.1516458
77.5    225.6858
77.6    223.2543978
77.7    219.58056
77.8    214.6938572
77.9    205.5722796
78      191.8528675
78.1    186.4758355
78.2    185.8654051
78.3    187.9202652
78.4    194.1680003
78.5    204.6216611
78.6    212.4359846
78.7    217.3676881
78.8    220.3581907
78.9    221.5433619
79      221.5255702
79.1    220.2798786
79.2    217.6017204
79.3    210.6174962
79.4    193.2351237
79.5    159.6661904
79.6    153.8579466
79.7    154.3070755
79.8    159.398382
79.9    171.7886781
80      191.4783684
80.1    207.4311233
80.2    218.7472078
80.3    222.0497562
80.4    219.4424238
80.5    187.3449049
80.6    171.169657
80.7    170.8359082
80.8    172.7198945
80.9    178.4708207
81      185.0424565
81.1    193.8898309
81.2    201.8194065
81.3    208.4474702
81.4    213.9683388
81.5    217.6083115
81.6    219.3562781
81.7    218.9494468
81.8    216.3866607
81.9    209.375052
82      199.7176223
82.1    186.4901742
82.2    177.4360576
82.3    174.2175965
82.4    175.3023036
82.5    181.4973888
82.6    193.0905064
82.7    204.3908461
82.8    210.9302093
82.9    214.0655629
83      215.2958907
83.1    214.7180465
83.2    211.3333188
83.3    204.2423444
83.4    174.1422206
83.5    133.1030822
83.6    127.9132483
83.7    128.1939993
83.8    132.0024076
83.9    141.8700352
84      166.3015437
84.1    194.3180825
84.2    206.53882
84.3    211.91249
84.4    212.8455898
84.5    211.0097431
84.6    187.0504992
84.7    135.7126256
84.8    131.003289
84.9    130.7308931
85      133.5587946
85.1    143.4657721
85.2    162.5860517
85.3    189.4740494
85.4    204.9837873
85.5    209.0050957
85.6    209.1094508
85.7    205.3846466
85.8    183.6881259
85.9    157.4453387
86      156.191232
86.1    163.5354045
86.2    202.3570588
86.3    207.8609792
86.4    207.2598645
86.5    175.1919108
86.6    159.4873154
86.7    159.3705101
86.8    163.4067902
86.9    191.9586563
87      204.8458461
87.1    209.7391582
87.2    211.2728435
87.3    211.0755714
87.4    208.8933157
87.5    201.8936084
87.6    176.9371772
87.7    139.9613745
87.8    129.1831076
87.9    126.3397475
88      126.6259035
88.1    129.3064037
88.2    137.8890987
88.3    152.0363498
88.4    174.8996101
88.5    192.7203167
88.6    204.0437259
88.7    210.8700043
88.8    213.7705926
88.9    214.6543152
89      214.3277511
89.1    211.2567824
89.2    200.3418027
89.3    140.5708659
89.4    136.1757502
89.5    135.8525453
89.6    139.2172802
89.7    149.3147526
89.8    174.2061239
89.9    197.5851432
90      213.2198056
90.1    221.0388182
90.2    225.7746344
90.3    228.084018
90.4    228.4180861
90.5    227.8157805
90.6    223.9649391
90.7    215.9118924
90.8    192.5768726
90.9    151.6553673
91      138.8551664
91.1    132.9477777
91.2    130.0274815
91.3    129.1547894
91.4    129.0641012
91.5    130.942613
91.6    135.0150695
91.7    142.796583
91.8    164.6075764
91.9    222.1916408
92      243.0646553
92.1    246.3792093
92.2    245.4353678
92.3    238.1973206
92.4    228.0547062
92.5    221.7230362
92.6    224.4019058
92.7    248.4179646
92.8    251.7181982
92.9    230.6237857
93      186.3662327
93.1    186.9414065
93.2    238.5267821
93.3    252.6466712
93.4    252.0574257
93.5    240.6010914
93.6    218.5539766
93.7    217.4498551
93.8    224.589713
93.9    236.8123013
94      245.716633
94.1    248.5030953
94.2    244.2515861
94.3    225.9456054
94.4    219.6084523
94.5    223.9144048
94.6    238.6954343
94.7    243.1910249
94.8    241.5890991
94.9    211.4732453
95      124.5398754
95.1    117.1744922
95.2    117.0883306
95.3    124.9731701
95.4    142.5842101
95.5    166.5460668
95.6    188.4365876
95.7    205.0108471
95.8    217.2137684
95.9    224.8290832
96      228.6580746
96.1    229.5562063
96.2    227.6885693
96.3    221.0625695
96.4    205.3361568
96.5    189.6294624
96.6    183.6748879
96.7    182.2282635
96.8    183.3265746
96.9    187.7959041
97      196.3003706
97.1    206.0041929
97.2    215.7764003
97.3    222.0951319
97.4    226.0905314
97.5    226.7135614
97.6    223.9401395
97.7    213.7151312
97.8    190.9309793
97.9    163.4840035
98      147.0731408
98.1    142.3985523
98.2    142.3880316
98.3    150.6284257
98.4    189.047177
98.5    223.0184485
98.6    228.0075316
98.7    219.7627004
98.8    169.7820124
98.9    167.8195833
99      173.2312193
99.1    196.7876152
99.2    225.6102362
99.3    232.2854828
99.4    232.8169879
99.5    229.6375764
99.6    218.7743561
99.7    184.2605115
99.8    160.2784394
99.9    140.2051387
100     132.0738849
100.1   129.5110456
100.2   130.5083817
100.3   138.0908868
100.4   168.9326259
100.5   196.1843677
100.6   209.3836294
100.7   216.7621351
100.8   221.6955644
100.9   225.1274584
101     227.3921813
101.1   228.7340792
101.2   229.3491052
101.3   229.5909329
101.4   228.9078489
101.5   227.0555588
101.6   223.3062013
101.7   218.3493892
101.8   211.1025175
101.9   200.341369
102     185.2746981
102.1   166.1869717
102.2   149.1720885
102.3   136.2766328
102.4   129.5373786
102.5   128.0148402
102.6   129.0353741
102.7   134.1892454
102.8   143.2248416
102.9   159.352791
103     178.1252931
103.1   194.3765503
103.2   201.193737
103.3   202.5249111
103.4   193.6824651
103.5   123.5672507
103.6   121.2649381
103.7   127.8473284
103.8   149.7346416
103.9   172.5072345
104     186.0423911
104.1   189.7522943
104.2   189.7205145
104.3   183.6165285
104.4   163.0256718
104.5   139.6265142
104.6   131.8983286
104.7   130.7327017
104.8   132.8888819
104.9   138.5682098
105     145.1297089
105.1   152.9496724
105.2   159.7531823
105.3   165.7710123
105.4   169.6604334
105.5   172.3227167
105.6   173.8281961
105.7   174.1049519
105.8   173.1006527
105.9   170.2697795
106     165.8574811
106.1   160.10207
106.2   152.6958709
106.3   144.9014049
106.4   135.4189861
106.5   127.0832565
106.6   118.4147611
106.7   111.2047252
106.8   105.5385217
106.9   101.56846
107     99.90152233
107.1   99.79555215
107.2   101.068436
107.3   104.190598
107.4   111.530768
107.5   121.8516015
107.6   136.3785609
107.7   147.6576017
107.8   154.3047546
107.9   155.5851562
108     153.9436948
108.1   147.296776
108.2   135.0026434
108.3   120.1223203
108.4   104.8994656
108.5   87.74589779
108.6   74.33433586
108.7   63.01918184
108.8   57.52582061
108.9   57.2694858
109     62.23502453
109.1   78.13725442
109.2   101.6345399
109.3   125.0901765
109.4   139.3620962
109.5   145.1102955
109.6   145.1719302
109.7   141.8572953
109.8   131.370224
109.9   113.6111681
110     97.170334
110.1   89.67960804
110.2   87.82423596
110.3   91.07448728
110.4   102.1145003
110.5   125.864083
110.6   140.1237167
110.7   144.0853557
110.8   141.2848255
110.9   80.09492687
111     74.65600093
111.1   75.69449005
111.2   82.99700593
111.3   95.77413948
111.4   110.6103502
111.5   121.6073544
111.6   130.9375959
111.7   136.8764678
111.8   140.0599419
111.9   140.8613488
112     140.3562407
112.1   135.9788848
112.2   126.8900766
112.3   106.9458322
112.4   78.72761506
112.5   53.9281325
112.6   41.58790745
112.7   38.10360507
112.8   39.12076004
112.9   46.3066399
113     58.69627343
113.1   75.91250208
113.2   91.89205229
113.3   106.4865827
113.4   117.4700616
113.5   126.1202398
113.6   131.949954
113.7   135.0220236
113.8   136.6055104
113.9   136.6308518
114     133.3781828
114.1   125.2690873
114.2   104.705338
114.3   82.73362619
114.4   76.54293328
114.5   74.82282852
114.6   75.30717061
114.7   78.07941592
114.8   82.96502778
114.9   89.38828397
115     98.02519471
115.1   107.6021859
115.2   116.1348762
115.3   123.2113211
115.4   129.2559584
115.5   133.0088958
115.6   135.1127535
115.7   134.3711816
115.8   129.5904246
115.9   95.65299094
116     74.88182017
116.1   72.92392654
116.2   73.82397918
116.3   78.19895443
116.4   86.60837245
116.5   98.16757594
116.6   110.4433671
116.7   120.4588818
116.8   128.5767924
116.9   133.2806649
117     133.8272199
117.1   131.8063725
117.2   122.8108229
117.3   105.1167804
117.4   91.969198
117.5   85.31248836
117.6   81.91081245
117.7   80.72455912
117.8   80.22194238
117.9   80.67875502
118     82.37063017
118.1   85.4835961
118.2   90.00185945
118.3   96.84668295
118.4   105.6869807
118.5   114.7410306
118.6   122.245786
118.7   128.5795765
118.8   132.2399385
118.9   134.7611377
119     135.8213568
119.1   135.9085346
119.2   135.4305226
119.3   134.0920174
119.4   131.9206821
119.5   128.8821034
119.6   125.0111428
119.7   120.3129382
119.8   114.6703801
119.9   107.4912413
120     100.0690142
120.1   93.17351875
120.2   87.82678761
120.3   82.92856877
120.4   80.20733801
120.5   79.40468306
120.6   80.19423833
120.7   82.91420534
120.8   87.99382406
120.9   95.20097273
121     104.5195872
121.1   114.5044469
121.2   124.5544267
121.3   132.3865751
121.4   138.2099273
121.5   142.0308394
121.6   143.7419824
121.7   143.1399722
121.8   139.4201426
121.9   131.2131748
122     117.3386721
122.1   102.8974895
122.2   94.1748233
122.3   89.22430351
122.4   87.17627441
122.5   86.89563523
122.6   88.48744456
122.7   92.93886424
122.8   101.9562778
122.9   119.7100214
123     134.438658
123.1   142.4474608
123.2   146.9136087
123.3   148.8347317
123.4   149.3548994
123.5   148.8754156
123.6   146.7200897
123.7   143.2254347
123.8   137.6698021
123.9   130.018893
124     119.5354437
124.1   107.5839063
124.2   95.03692205
124.3   81.10478577
124.4   69.04971292
124.5   58.89931798
124.6   52.19384177
124.7   47.94950641
124.8   45.15564323
124.9   44.20121086
125     45.48504904
125.1   48.06523514
125.2   54.74608287
125.3   63.69771154
125.4   78.08856128
125.5   100.5211747
125.6   127.0228274
125.7   147.1560589
125.8   154.4818788
125.9   151.415416
126     98.38530305
126.1   53.3457964
126.2   53.02590626
126.3   62.2211601
126.4   83.79799166
126.5   107.710835
126.6   127.5864483
126.7   140.4448279
126.8   149.9904548
126.9   155.9935492
127     158.7417844
127.1   158.9770464
127.2   156.933053
127.3   151.7591649
127.4   145.0129019
127.5   135.7879385
127.6   126.6079136
127.7   115.0811131
127.8   104.5168436
127.9   97.3512467
128     93.14267166
128.1   91.43575649
128.2   92.67078856
128.3   98.55919462
128.4   110.7945326
128.5   126.0428632
128.6   143.2497836
128.7   157.5427793
128.8   163.568216
128.9   162.1668437
129     155.1730801
129.1   142.305044
129.2   135.8758501
129.3   136.5925047
129.4   161.3773091
129.5   165.73224
129.6   160.0163149
129.7   138.9653269
129.8   138.3935704
129.9   148.3073587
130     159.0104778
130.1   163.9794926
130.2   161.2981041
130.3   68.44455411
130.4   66.01450985
130.5   105.2089595
130.6   148.7928676
130.7   156.9585234
130.8   158.2780124
130.9   156.7984726
131     150.400319
131.1   134.0796978
131.2   107.3351427
131.3   85.25108414
131.4   75.00938465
131.5   72.77778116
131.6   74.46481191
131.7   80.93169119
131.8   93.25068039
131.9   112.2196013
132     127.1181066
132.1   132.7226573
132.2   132.9330282
132.3   123.493365
132.4   93.49714304
132.5   93.7143612
132.6   98.50787681
132.7   106.6194448
132.8   117.1498583
132.9   120.8359182
133     105.9113429
133.1   98.36658774
133.2   98.56222123
133.3   103.0970469
133.4   110.1623947
133.5   112.0065104
133.6   111.4176105
133.7   96.82629685
133.8   76.81022166
133.9   75.85481025
134     77.03830421
134.1   80.18683137
134.2   84.68503959
134.3   89.8984966
134.4   92.58049035
134.5   94.41397342
134.6   95.52048735
134.7   95.76944816
134.8   95.42250374
134.9   93.77103221
135     90.81703651
135.1   86.44207553
135.2   79.2755906
135.3   71.21963553
135.4   60.51356618
135.5   50.33531131
135.6   43.36153075
135.7   38.95039767
135.8   37.63430397
135.9   38.53014613
136     41.35948366
136.1   45.68718035
136.2   51.40577345
136.3   57.37907457
136.4   63.03090785
136.5   68.22352703
136.6   71.3211109
136.7   73.67526471
136.8   74.90733147
136.9   75.28467518
137     74.75131983
137.1   71.79582539
137.2   65.92253448
137.3   56.12284084
137.4   45.41307951
137.5   39.93432368
137.6   36.8228212
137.7   36.13229964
137.8   36.40356219
137.9   37.85972792
138     41.22604703
138.1   47.45232441
138.2   60.35803161
138.3   73.14197742
138.4   77.60162249
138.5   72.39625958
138.6   52.8420544
138.7   26.79564933
138.8   15.9876584
138.9   16.17313389
139     48.28793699
139.1   83.37562356
139.2   87.69155443
139.3   87.52760488
139.4   84.6665814
139.5   75.24434062
139.6   54.69938945
139.7   50.29821948
139.8   49.76508405
139.9   52.30614747
140     61.1463147
140.1   68.53831964
140.2   76.88095024
140.3   85.47031868
140.4   94.22867911
140.5   101.9188762
140.6   106.4967426
140.7   107.6980493
140.8   106.2897845
140.9   103.4632722
141     99.22227458
141.1   92.26078941
141.2   84.52495026
141.3   76.12948809
141.4   67.29571419
141.5   58.14259143
141.6   48.0176455
141.7   40.5740201
141.8   34.51059744
141.9   31.66795977
142     31.67126843
142.1   33.98533917
142.2   38.74995185
142.3   46.75170963
142.4   60.1086733
142.5   81.76286784
142.6   101.993125
142.7   108.025524
142.8   105.1455984
142.9   96.09268196
143     82.80849006
143.1   67.17624925
143.2   51.71930757
143.3   37.09897063
143.4   25.66919257
143.5   17.8506451
143.6   15.18435097
143.7   16.87494426
143.8   25.09717976
143.9   46.77698099
144     78.64786883
144.1   94.8626417
144.2   97.16654668
144.3   91.70080874
144.4   79.98851093
144.5   61.72465698
144.6   43.19314897
144.7   28.17817178
144.8   20.33326594
144.9   20.75959035
145     32.10011566
145.1   58.6124697
145.2   81.08664579
145.3   93.06149344
145.4   97.1991044
145.5   94.86864183
145.6   86.88894004
145.7   73.2654333
145.8   54.67325862
145.9   38.30202692
146     28.89803447
146.1   26.63925572
146.2   36.72918228
146.3   69.37365027
146.4   95.89392169
146.5   103.9303344
146.6   100.7289643
146.7   86.98795419
146.8   65.94172816
146.9   40.85649372
147     22.61012242
147.1   25.20381289
147.2   48.45624164
147.3   81.58909427
147.4   108.340163
147.5   116.8943151
147.6   108.2735304
147.7   79.6331812
147.8   42.24879797
147.9   15.96128739
148     25.11967993
148.1   75.03623034
148.2   120.5016905
148.3   125.0896033
148.4   91.08859186
148.5   28.09612554
148.6   19.16197821
148.7   98.73258532
148.8   131.9343646
148.9   131.4834801
149     113.7504749
149.1   83.33848404
149.2   51.44301591
149.3   26.98775605
149.4   25.37900112
149.5   52.93878004
149.6   99.39183848
149.7   131.6127362
149.8   141.9380671
149.9   139.4947212
150     128.7724554
150.1   111.5784845
150.2   90.28806918
150.3   69.42499851
150.4   57.45157255
150.5   60.13395536
150.6   80.11831569
150.7   110.5936482
150.8   133.060244
150.9   145.553233
151     145.1348838
151.1   137.187171
151.2   121.3149614
151.3   105.1245043
151.4   87.3207425
151.5   71.39005213
151.6   59.13368006
151.7   52.65510648
151.8   53.75566816
151.9   66.64586127
152     103.2436729
152.1   141.2022579
152.2   148.2980132
152.3   141.2948558
152.4   93.78831093
152.5   51.69914727
152.6   42.98017598
152.7   48.00786125
152.8   64.8160079
152.9   91.34635453
153     116.794212
153.1   134.9227304
153.2   144.0761836
153.3   144.0150399
153.4   134.6994312
153.5   114.4057919
153.6   85.03017122
153.7   58.28142802
153.8   46.32651657
153.9   47.22669204
154     137.2408191
154.1   141.2549144
154.2   130.2785444
154.3   87.43512931
154.4   51.81022783
154.5   48.86973276
154.6   76.23046194
154.7   118.4055754
154.8   135.6506415
154.9   135.3261847
155     122.3009508
155.1   93.36234673
155.2   85.15836765
155.3   97.79002158
155.4   128.5092774
155.5   132.3766247
155.6   37.80569066
155.7   51.11488266
155.8   100.9286096
155.9   127.6510973
156     117.8914528
156.1   75.89690373
156.2   63.9582037
156.3   78.14044487
156.4   108.2404278
156.5   123.2263089
156.6   108.1661046
156.7   73.45201658
156.8   62.10010258
156.9   91.59513286
157     117.1380163
157.1   91.8188481
157.2   67.69414196
157.3   92.01683628
157.4   111.8419921
157.5   82.62653963
157.6   30.55147204
157.7   2.865325801
157.8   21.97598686
157.9   54.28488362
158     84.24205486
158.1   97.53515646
158.2   101.6313598
158.3   100.6668188
158.4   90.13715787
158.5   71.3736907
158.6   44.20530846
158.7   16.35917366
158.8   -8.147019267
158.9   -22.00261254
159     -25.84762037
159.1   -19.05349119
159.2   30.80815246
159.3   76.85064158
159.4   83.74384185
159.5   78.24343855
159.6   56.7788621
159.7   12.32385988
159.8   -17.09676131
159.9   -26.58216369
160     -22.15191469
160.1   38.7455245
160.2   72.3822528
160.3   67.27210475
160.4   39.12997631
160.5   -3.16614511
160.6   7.182374366
160.7   63.65404261
160.8   63.15521834
160.9   -9.310157501
161     62.48796159
161.1   53.77570409
161.2   -9.673270938
161.3   9.419006049
161.4   54.87402876
161.5   58.91935284
161.6   22.35497268
161.7   -23.79772997
161.8   -33.4234048
161.9   -30.72168527
162     -12.32424083
162.1   13.01858043
162.2   35.60226461
162.3   49.72611149
162.4   55.88008622
162.5   57.45549101
162.6   54.61015849
162.7   46.76704419
162.8   36.19555504
162.9   23.70898186
163     11.96048646
163.1   4.437619309
163.2   10.5484841
163.3   45.76139928
163.4   58.97790373
163.5   58.18199131
163.6   51.01186912
163.7   22.34594079
163.8   -1.525312911
163.9   3.579391604
164     60.99035046
164.1   57.01655601
164.2   -22.45204769
164.3   -23.64735362
164.4   6.961429818
164.5   57.70160351
164.6   65.0204744
164.7   50.04890931
164.8   28.09609023
164.9   8.531694652
165     -3.366048735
165.1   15.23306149
165.2   69.91284069
165.3   55.60618192
165.4   38.09413538
165.5   70.16570432
165.6   57.22131628
165.7   -27.31614659
165.8   13.98543563
165.9   53.02263055
166     62.88511763
166.1   66.75796815
166.2   66.91921855
166.3   62.26358165
166.4   47.84752919
166.5   24.05890161
166.6   -1.345369293
166.7   -7.883322867
166.8   50.8964216
166.9   54.53396743
167     40.02084735
167.1   -26.97960897
167.2   -32.96943191
167.3   0.648021381
167.4   40.84720752
167.5   42.05421322
167.6   30.52427535
167.7   4.54868748
167.8   -24.4910977
167.9   -39.1233853
168     -31.75675925
168.1   23.07071264
168.2   30.41087837
168.3   30.39732999
168.4   22.61611827
168.5   -24.55034548
168.6   -42.21850432
168.7   -33.20169082
168.8   30.43479327
168.9   25.09242647
169     -26.11427152
169.1   -19.74846438
169.2   34.83083403
169.3   19.37373398
169.4   -24.67022124
169.5   -44.4817673
169.6   -3.893426361
169.7   40.24477474
169.8   42.86784333
169.9   14.59023712
170     -57.82795434
170.1   -56.06370028
170.2   -33.76155732
170.3   -7.991814002
170.4   14.00636739
170.5   30.54155602
170.6   41.58059699
170.7   48.11283053
170.8   51.82713933
170.9   52.91401784
171     51.90224373
171.1   48.10500919
171.2   40.73203517
171.3   27.61678065
171.4   8.348473209
171.5   -21.22514211
171.6   -56.62553425
171.7   -75.53056319
171.8   -67.26119581
171.9   -40.65763814
172     -8.784548075
172.1   14.38716364
172.2   28.87806004
172.3   36.26122338
172.4   35.73638171
172.5   -70.18009662
172.6   -88.93853146
172.7   -70.31520262
172.8   5.957479858
172.9   21.23016263
173     23.78988431
173.1   20.18005113
173.2   4.718098873
173.3   -33.23181918
173.4   -34.80588706
173.5   -22.7864146
173.6   -0.50726399
173.7   17.04994787
173.8   20.9155521
173.9   17.66001106
174     9.52332781
174.1   -0.418775727
174.2   -11.43816292
174.3   -22.72931907
174.4   -33.60424115
174.5   -43.19949575
174.6   -50.22876895
174.7   -49.54732216
174.8   10.4294908
174.9   37.78094838
175     40.97491616
175.1   37.48475428
175.2   28.6163047
175.3   13.4641822
175.4   -3.394926384
175.5   -16.90136677
175.6   -21.88841927
175.7   -12.18336684
175.8   33.15684127
175.9   51.82574896
176     59.45524677
176.1   60.54782518
176.2   53.9303585
176.3   38.68006575
176.4   16.33984277
176.5   0.401937341
176.6   -6.601346719
176.7   -5.942393325
176.8   33.29018473
176.9   73.11282098
177     72.00179762
177.1   62.29964247
177.2   42.20377336
177.3   29.43841587
177.4   32.16045674
177.5   60.17178647
177.6   78.14876844
177.7   79.26671538
177.8   64.72577753
177.9   45.02059874
178     34.06263461
178.1   33.08374509
178.2   45.98462526
178.3   68.14275299
178.4   81.37894998
178.5   81.90898259
178.6   73.25471346
178.7   53.85635465
178.8   33.92649811
178.9   21.62572262
179     25.83663327
179.1   78.13274304
179.2   81.43973389
179.3   70.06511591
179.4   31.01263185
179.5   11.62748588
179.6   9.177292384
179.7   17.2360471
179.8   46.72696211
179.9   66.22682117
180     72.00844042
180.1   74.18383242
180.2   72.84767014
180.3   64.57076937
180.4   47.07125092
180.5   23.94247078
180.6   18.21780123
180.7   30.7911236
180.8   50.38045604
180.9   58.67894754
181     57.06673008
181.1   46.6954917
181.2   34.03335706
181.3   19.54035471
181.4   5.402252479
181.5   -7.695323868
181.6   -19.47903294
181.7   -29.19576659
181.8   -35.04686525
181.9   -38.24372065
182     -38.36972885
182.1   -35.22078514
182.2   -28.12678927
182.3   -12.61461287
182.4   2.631959516
182.5   6.053990047
182.6   -0.412212103
182.7   -11.8282631
182.8   -23.66957723
182.9   -29.04264094
183     -27.19168686
183.1   -18.26033987
183.2   -8.548547847
183.3   -4.05835802
183.4   -5.027798303
183.5   -11.92930293
183.6   -24.3986279
183.7   -45.30955529
183.8   -67.47896103
183.9   -81.08263292
184     -86.20647726
184.1   -86.96333983
184.2   -82.29396729
184.3   -70.90009522
184.4   -54.94435649
184.5   -32.828567
184.6   -11.26369206
184.7   2.625978367
184.8   8.770311745
184.9   9.777495734
185     5.144272626
185.1   -3.752485179
185.2   -14.34384006
185.3   -25.6653304
185.4   -37.06294885
185.5   -45.89536087
185.6   -51.59037688
185.7   -53.30712321
185.8   -50.66801964
185.9   -39.00547391
186     -4.608640982
186.1   15.65493037
186.2   22.4534441
186.3   25.20969464
186.4   25.24630798
186.5   21.54740342
186.6   14.02311493
186.7   4.731024351
186.8   -3.831261724
186.9   -7.490815216
187     -5.36534718
187.1   4.773182367
187.2   18.61691407
187.3   29.64344338
187.4   34.59713075
187.5   36.19813732
187.6   35.04355633
187.7   31.07901636
187.8   21.31675196
187.9   8.999297701
188     -2.939834438
188.1   -4.562515067
188.2   4.97931196
188.3   24.36032858
188.4   39.61008948
188.5   36.33939565
188.6   14.35893164
188.7   39.11373617
188.8   2.164941969
188.9   -31.10903934
189     -32.1939573
189.1   15.16486143
189.2   29.61612639
189.3   29.14264628
189.4   21.29145549
189.5   0.559690087
189.6   -40.69338379
189.7   -60.4061132
189.8   -67.47606961
189.9   -64.1884692
190     -36.85636467
190.1   1.862525941
190.2   17.63646149
190.3   19.77172929
190.4   16.48040729
190.5   8.765387165
190.6   -3.80914888
190.7   -19.53669638
190.8   -33.47289931
190.9   -40.52194625
191     -37.07011189
191.1   -18.76041867
191.2   6.669100935
191.3   18.4203397
191.4   22.5195732
191.5   19.05282451
191.6   -0.468854572
191.7   -38.52275805
191.8   -66.25833701
191.9   -74.22936301
192     -69.91046432
192.1   -40.60746088
192.2   -0.570398045
192.3   18.56226038
192.4   24.02459475
192.5   22.07161582
192.6   15.09802197
192.7   3.702356995
192.8   -9.851677545
192.9   -26.31264702
193     -39.79267799
193.1   -50.71859022
193.2   -58.77452601
193.3   -62.5888274
193.4   -62.54007587
193.5   -57.90259016
193.6   -49.37778169
193.7   -38.19139025
193.8   -24.59869776
193.9   -13.98931216
194     -6.452595071
194.1   -0.432542431
194.2   3.8495808
194.3   5.757765353
194.4   5.653662944
194.5   3.746251771
194.6   -0.552874496
194.7   -6.062103209
194.8   -12.48735075
194.9   -19.00171074
195     -26.94691504
195.1   -34.83217111
195.2   -42.5786311
195.3   -50.32509108
195.4   -58.07155107
195.5   -65.26196977
195.6   -71.2160935
195.7   -74.90472824
195.8   -75.06838634
195.9   -66.16834074
196     -46.20407757
196.1   -28.28937825
196.2   -21.37885312
196.3   -24.08967689
196.4   -31.0268118
196.5   -39.39811522
196.6   -49.21869785
196.7   -58.88341519
196.8   -68.46343541
196.9   -76.25227106
197     -83.11281953
197.1   -87.04435181
197.2   -84.2682638
197.3   -69.67752098
197.4   -45.48114455
197.5   -35.76459869
197.6   -38.02628957
197.7   -54.07551618
197.8   -72.57791617
197.9   -80.33909366
198     -80.18595136
198.1   -74.24706459
198.2   -65.26177567
198.3   -57.06340549
198.4   -50.04644717
198.5   -44.67243282
198.6   -40.88037397
198.7   -38.1843754
198.8   -36.25525815
198.9   -35.96407677
199     -35.88618163
199.1   -36.64447217
199.2   -39.35435612
199.3   -44.1407512
199.4   -53.91724195
199.5   -67.63078347
199.6   -76.93014389
199.7   -79.61526246
199.8   -70.08142508
199.9   -35.93334973
200     -33.17366816
200.1   -38.41549532
200.2   -48.46093271
200.3   -59.09691465
200.4   -63.66823199
200.5   -59.71649406
200.6   -41.02545674
200.7   -31.33502414
200.8   -28.3284334
200.9   -28.49946491
201     -30.65069151
201.1   -38.9457748
201.2   -50.45876339
201.3   -57.46829762
201.4   -55.88275889
201.5   -31.15187767
201.6   -23.84971222
201.7   -36.38640771
201.8   -65.41738354
201.9   -76.91150619
202     -71.14299401
202.1   -40.70116611
202.2   -28.03013317
202.3   -22.93997961
202.4   -18.6437577
202.5   -16.47798301
202.6   -15.32271255
202.7   -14.83750074
202.8   -14.79195424
202.9   -14.68082318
203     -15.2642826
203.1   -16.02369978
203.2   -17.06975135
203.3   -18.85997009
203.4   -21.20753302
203.5   -23.73048578
203.6   -26.29049442
203.7   -29.09665332
203.8   -32.33641345
203.9   -35.57617358
204     -38.95721675
204.1   -43.13699448
204.2   -47.31677222
204.3   -51.43835955
204.4   -55.54643909
204.5   -59.55943928
204.6   -63.53791316
204.7   -67.18965842
204.8   -70.50691707
204.9   -72.92564011
205     -74.38373483
